[ColorIntrinsic]
fx=1122.169434
fy=1122.065674
cx=950.510132
cy=567.547119
width=1920
height=1080
[ColorDistortion]
k1=0.075969
k2=-0.105093
k3=0.042990
k4=0.000000
k5=0.000000
k6=0.000000
p1=-0.000268
p2=0.000025


[DepthIntrinsic]
fx=504.676697
fy=504.719116
cx=330.779236
cy=334.746094
width=640
height=576
[DepthDistortion]
k1=22.082289
k2=10.812878
k3=0.369164
k4=22.378466
k5=18.285690
k6=2.423925
p1=0.000064
p2=0.000008


[D2CTransformParam]
rot0=0.993965
rot1=0.004889
rot2=-0.004446
rot3=-0.004372
rot4=0.993962
rot5=0.109636
rot6=0.004955
rot7=-0.109614
rot8=0.993962
trans0=-32.604958
trans1=-0.758045
trans2=2.166758
